总共拆分为 5 个部分
横向 0
横向 1
横向 2
横向 3
横向 4

原始Stencil：
  2.25   1.00   6.14   5.93   7.12 
  7.59   9.65   1.22   8.46   3.04 
  5.53   3.09   4.93   9.18   0.73 
  0.74   1.59   8.63   1.68   7.32 
  6.50   4.29   7.22   8.58   1.25 
  a  a  a  a  a
  a  a  a  a  a
  a  a  a  a  a
  a  a  a  a  a
  a  a  a  a  a

拆分Stencil：
  x  x  x  x  x
  x  x  x  x  x
  x  x  x  x  x
  x  x  x  x  x
  x  x  x  x  x

拆分方式：行拆分

stencil按行拆分矩阵：数据块大小为:16 16
   6.1   1.0   2.2   0.0   0.0   0.0   0.0   0.0   0.0   0.0   0.0   0.0   0.0   0.0   0.0   0.0
   5.9   6.1   1.0   2.2   0.0   0.0   0.0   0.0   0.0   0.0   0.0   0.0   0.0   0.0   0.0   0.0
   7.1   5.9   6.1   1.0   2.2   0.0   0.0   0.0   0.0   0.0   0.0   0.0   0.0   0.0   0.0   0.0
   0.0   7.1   5.9   6.1   1.0   2.2   0.0   0.0   0.0   0.0   0.0   0.0   0.0   0.0   0.0   0.0
   0.0   0.0   7.1   5.9   6.1   1.0   2.2   0.0   0.0   0.0   0.0   0.0   0.0   0.0   0.0   0.0
   0.0   0.0   0.0   7.1   5.9   6.1   1.0   2.2   0.0   0.0   0.0   0.0   0.0   0.0   0.0   0.0
   0.0   0.0   0.0   0.0   7.1   5.9   6.1   1.0   2.2   0.0   0.0   0.0   0.0   0.0   0.0   0.0
   0.0   0.0   0.0   0.0   0.0   7.1   5.9   6.1   1.0   2.2   0.0   0.0   0.0   0.0   0.0   0.0
   0.0   0.0   0.0   0.0   0.0   0.0   7.1   5.9   6.1   1.0   2.2   0.0   0.0   0.0   0.0   0.0
   0.0   0.0   0.0   0.0   0.0   0.0   0.0   7.1   5.9   6.1   1.0   2.2   0.0   0.0   0.0   0.0
   0.0   0.0   0.0   0.0   0.0   0.0   0.0   0.0   7.1   5.9   6.1   1.0   2.2   0.0   0.0   0.0
   0.0   0.0   0.0   0.0   0.0   0.0   0.0   0.0   0.0   7.1   5.9   6.1   1.0   2.2   0.0   0.0
   0.0   0.0   0.0   0.0   0.0   0.0   0.0   0.0   0.0   0.0   7.1   5.9   6.1   1.0   2.2   0.0
   0.0   0.0   0.0   0.0   0.0   0.0   0.0   0.0   0.0   0.0   0.0   7.1   5.9   6.1   1.0   2.2
   0.0   0.0   0.0   0.0   0.0   0.0   0.0   0.0   0.0   0.0   0.0   0.0   7.1   5.9   6.1   1.0
   0.0   0.0   0.0   0.0   0.0   0.0   0.0   0.0   0.0   0.0   0.0   0.0   0.0   7.1   5.9   6.1
------------------------------------------------------------------------------------------------
   1.2   9.6   7.6   0.0   0.0   0.0   0.0   0.0   0.0   0.0   0.0   0.0   0.0   0.0   0.0   0.0
   8.5   1.2   9.6   7.6   0.0   0.0   0.0   0.0   0.0   0.0   0.0   0.0   0.0   0.0   0.0   0.0
   3.0   8.5   1.2   9.6   7.6   0.0   0.0   0.0   0.0   0.0   0.0   0.0   0.0   0.0   0.0   0.0
   0.0   3.0   8.5   1.2   9.6   7.6   0.0   0.0   0.0   0.0   0.0   0.0   0.0   0.0   0.0   0.0
   0.0   0.0   3.0   8.5   1.2   9.6   7.6   0.0   0.0   0.0   0.0   0.0   0.0   0.0   0.0   0.0
   0.0   0.0   0.0   3.0   8.5   1.2   9.6   7.6   0.0   0.0   0.0   0.0   0.0   0.0   0.0   0.0
   0.0   0.0   0.0   0.0   3.0   8.5   1.2   9.6   7.6   0.0   0.0   0.0   0.0   0.0   0.0   0.0
   0.0   0.0   0.0   0.0   0.0   3.0   8.5   1.2   9.6   7.6   0.0   0.0   0.0   0.0   0.0   0.0
   0.0   0.0   0.0   0.0   0.0   0.0   3.0   8.5   1.2   9.6   7.6   0.0   0.0   0.0   0.0   0.0
   0.0   0.0   0.0   0.0   0.0   0.0   0.0   3.0   8.5   1.2   9.6   7.6   0.0   0.0   0.0   0.0
   0.0   0.0   0.0   0.0   0.0   0.0   0.0   0.0   3.0   8.5   1.2   9.6   7.6   0.0   0.0   0.0
   0.0   0.0   0.0   0.0   0.0   0.0   0.0   0.0   0.0   3.0   8.5   1.2   9.6   7.6   0.0   0.0
   0.0   0.0   0.0   0.0   0.0   0.0   0.0   0.0   0.0   0.0   3.0   8.5   1.2   9.6   7.6   0.0
   0.0   0.0   0.0   0.0   0.0   0.0   0.0   0.0   0.0   0.0   0.0   3.0   8.5   1.2   9.6   7.6
   0.0   0.0   0.0   0.0   0.0   0.0   0.0   0.0   0.0   0.0   0.0   0.0   3.0   8.5   1.2   9.6
   0.0   0.0   0.0   0.0   0.0   0.0   0.0   0.0   0.0   0.0   0.0   0.0   0.0   3.0   8.5   1.2
------------------------------------------------------------------------------------------------
   4.9   3.1   5.5   0.0   0.0   0.0   0.0   0.0   0.0   0.0   0.0   0.0   0.0   0.0   0.0   0.0
   9.2   4.9   3.1   5.5   0.0   0.0   0.0   0.0   0.0   0.0   0.0   0.0   0.0   0.0   0.0   0.0
   0.7   9.2   4.9   3.1   5.5   0.0   0.0   0.0   0.0   0.0   0.0   0.0   0.0   0.0   0.0   0.0
   0.0   0.7   9.2   4.9   3.1   5.5   0.0   0.0   0.0   0.0   0.0   0.0   0.0   0.0   0.0   0.0
   0.0   0.0   0.7   9.2   4.9   3.1   5.5   0.0   0.0   0.0   0.0   0.0   0.0   0.0   0.0   0.0
   0.0   0.0   0.0   0.7   9.2   4.9   3.1   5.5   0.0   0.0   0.0   0.0   0.0   0.0   0.0   0.0
   0.0   0.0   0.0   0.0   0.7   9.2   4.9   3.1   5.5   0.0   0.0   0.0   0.0   0.0   0.0   0.0
   0.0   0.0   0.0   0.0   0.0   0.7   9.2   4.9   3.1   5.5   0.0   0.0   0.0   0.0   0.0   0.0
   0.0   0.0   0.0   0.0   0.0   0.0   0.7   9.2   4.9   3.1   5.5   0.0   0.0   0.0   0.0   0.0
   0.0   0.0   0.0   0.0   0.0   0.0   0.0   0.7   9.2   4.9   3.1   5.5   0.0   0.0   0.0   0.0
   0.0   0.0   0.0   0.0   0.0   0.0   0.0   0.0   0.7   9.2   4.9   3.1   5.5   0.0   0.0   0.0
   0.0   0.0   0.0   0.0   0.0   0.0   0.0   0.0   0.0   0.7   9.2   4.9   3.1   5.5   0.0   0.0
   0.0   0.0   0.0   0.0   0.0   0.0   0.0   0.0   0.0   0.0   0.7   9.2   4.9   3.1   5.5   0.0
   0.0   0.0   0.0   0.0   0.0   0.0   0.0   0.0   0.0   0.0   0.0   0.7   9.2   4.9   3.1   5.5
   0.0   0.0   0.0   0.0   0.0   0.0   0.0   0.0   0.0   0.0   0.0   0.0   0.7   9.2   4.9   3.1
   0.0   0.0   0.0   0.0   0.0   0.0   0.0   0.0   0.0   0.0   0.0   0.0   0.0   0.7   9.2   4.9
------------------------------------------------------------------------------------------------
   8.6   1.6   0.7   0.0   0.0   0.0   0.0   0.0   0.0   0.0   0.0   0.0   0.0   0.0   0.0   0.0
   1.7   8.6   1.6   0.7   0.0   0.0   0.0   0.0   0.0   0.0   0.0   0.0   0.0   0.0   0.0   0.0
   7.3   1.7   8.6   1.6   0.7   0.0   0.0   0.0   0.0   0.0   0.0   0.0   0.0   0.0   0.0   0.0
   0.0   7.3   1.7   8.6   1.6   0.7   0.0   0.0   0.0   0.0   0.0   0.0   0.0   0.0   0.0   0.0
   0.0   0.0   7.3   1.7   8.6   1.6   0.7   0.0   0.0   0.0   0.0   0.0   0.0   0.0   0.0   0.0
   0.0   0.0   0.0   7.3   1.7   8.6   1.6   0.7   0.0   0.0   0.0   0.0   0.0   0.0   0.0   0.0
   0.0   0.0   0.0   0.0   7.3   1.7   8.6   1.6   0.7   0.0   0.0   0.0   0.0   0.0   0.0   0.0
   0.0   0.0   0.0   0.0   0.0   7.3   1.7   8.6   1.6   0.7   0.0   0.0   0.0   0.0   0.0   0.0
   0.0   0.0   0.0   0.0   0.0   0.0   7.3   1.7   8.6   1.6   0.7   0.0   0.0   0.0   0.0   0.0
   0.0   0.0   0.0   0.0   0.0   0.0   0.0   7.3   1.7   8.6   1.6   0.7   0.0   0.0   0.0   0.0
   0.0   0.0   0.0   0.0   0.0   0.0   0.0   0.0   7.3   1.7   8.6   1.6   0.7   0.0   0.0   0.0
   0.0   0.0   0.0   0.0   0.0   0.0   0.0   0.0   0.0   7.3   1.7   8.6   1.6   0.7   0.0   0.0
   0.0   0.0   0.0   0.0   0.0   0.0   0.0   0.0   0.0   0.0   7.3   1.7   8.6   1.6   0.7   0.0
   0.0   0.0   0.0   0.0   0.0   0.0   0.0   0.0   0.0   0.0   0.0   7.3   1.7   8.6   1.6   0.7
   0.0   0.0   0.0   0.0   0.0   0.0   0.0   0.0   0.0   0.0   0.0   0.0   7.3   1.7   8.6   1.6
   0.0   0.0   0.0   0.0   0.0   0.0   0.0   0.0   0.0   0.0   0.0   0.0   0.0   7.3   1.7   8.6
------------------------------------------------------------------------------------------------
   7.2   4.3   6.5   0.0   0.0   0.0   0.0   0.0   0.0   0.0   0.0   0.0   0.0   0.0   0.0   0.0
   8.6   7.2   4.3   6.5   0.0   0.0   0.0   0.0   0.0   0.0   0.0   0.0   0.0   0.0   0.0   0.0
   1.2   8.6   7.2   4.3   6.5   0.0   0.0   0.0   0.0   0.0   0.0   0.0   0.0   0.0   0.0   0.0
   0.0   1.2   8.6   7.2   4.3   6.5   0.0   0.0   0.0   0.0   0.0   0.0   0.0   0.0   0.0   0.0
   0.0   0.0   1.2   8.6   7.2   4.3   6.5   0.0   0.0   0.0   0.0   0.0   0.0   0.0   0.0   0.0
   0.0   0.0   0.0   1.2   8.6   7.2   4.3   6.5   0.0   0.0   0.0   0.0   0.0   0.0   0.0   0.0
   0.0   0.0   0.0   0.0   1.2   8.6   7.2   4.3   6.5   0.0   0.0   0.0   0.0   0.0   0.0   0.0
   0.0   0.0   0.0   0.0   0.0   1.2   8.6   7.2   4.3   6.5   0.0   0.0   0.0   0.0   0.0   0.0
   0.0   0.0   0.0   0.0   0.0   0.0   1.2   8.6   7.2   4.3   6.5   0.0   0.0   0.0   0.0   0.0
   0.0   0.0   0.0   0.0   0.0   0.0   0.0   1.2   8.6   7.2   4.3   6.5   0.0   0.0   0.0   0.0
   0.0   0.0   0.0   0.0   0.0   0.0   0.0   0.0   1.2   8.6   7.2   4.3   6.5   0.0   0.0   0.0
   0.0   0.0   0.0   0.0   0.0   0.0   0.0   0.0   0.0   1.2   8.6   7.2   4.3   6.5   0.0   0.0
   0.0   0.0   0.0   0.0   0.0   0.0   0.0   0.0   0.0   0.0   1.2   8.6   7.2   4.3   6.5   0.0
   0.0   0.0   0.0   0.0   0.0   0.0   0.0   0.0   0.0   0.0   0.0   1.2   8.6   7.2   4.3   6.5
   0.0   0.0   0.0   0.0   0.0   0.0   0.0   0.0   0.0   0.0   0.0   0.0   1.2   8.6   7.2   4.3
   0.0   0.0   0.0   0.0   0.0   0.0   0.0   0.0   0.0   0.0   0.0   0.0   0.0   1.2   8.6   7.2


分块形状：
Block_N:16 Block_M:16
Core_N:12 Core_M:16
offset_n:2 offset_m:0
row_pos_min:-2 row_pos_max:2
grid_shape: 267 200

[Time] Time used: 0.209920 ms
[Time] CPU Time: 340.875149 ms
Check result success!
